0.9849662179074725
0.8798042770263803
0.9737258646564851
0.8453394075636892
0.8037860890145438
0.8058914267344818
0.9060285021076995
0.7076060336140799
0.8054075082364915
0.8623523368545677
1.28075811560589
0.7249225210628147
1.008459130318346
1.0845556024849767
1.0814719003674855
1.207767227089757
1.345035838806139
1.2586420565827245
0.8973621394312188
1.03524207574158
1.1849555280873687
0.9283351321021782
1.0583457827738973
1.2219541984352194
0.8808181205169914
0.9809493560647953
1.1741823302653545
1.0311458882192281
0.915705158849309
1.196458115299805
0.9947457719796644
1.2027020089282614
1.234398067696429
0.9307423976346778
1.1254299826013023
