11.027883514783126
10.442942605979225
10.717170027639225
11.113268710592802
10.543808516392621
10.551748584820597
10.295931185395952
10.938140125754153
11.010505395668288
10.875183054767662
10.180123308501134
10.21408867372228
10.277358117518366
10.224089383070833
9.970996809436562
10.31925708331987
10.768984119465689
10.478503462647096
10.418154191567975
10.451041537430413
11.085073861329732
10.527559499734737
10.871838294650637
10.495155765818168
10.337567951428985
10.55035734516398
10.894224910837382
10.48874070225817
11.072234974680514
11.074243935325356
