0.8997202527707026
0.8607977937205867
0.8609660758009808
4.481191697364786
1.5323084048929307
0.8594693617511411
0.780131519303476
0.8256116855139797
0.7802480525160838
0.9847810521394824
0.8795631104708743
0.7881856157509786
0.8118513016992968
0.8717863957088887
0.8262287751962509
7.426039219071846
1.0250665396385525
7.838723429440958
0.8529410730201883
0.9462681233889394
0.7771117712178989
0.8414327195353274
0.7782892734328499
0.9398351910738928
0.8938513676068797
1.108977501923241
0.7857393043473799
0.8626486732214348
0.9318644797734942
1.1586281942861267
0.9238758699486275
0.7858560551691459
0.7830291127627655
0.849640359514697
0.9184916780324737
0.888711398099881
0.8761211736425863
0.8605672107842578
0.8830179208059578
0.9327541437497465
